#com.apextalos.cvitfusion.common.settings.ConfigFile
#Mon May 16 11:56:16 EDT 2022
sp112_divider_position=0.6977466977466977
sp11_divider_position=0.2857142857142857
sp1_divider_position=0.8394324122479462
window_height=1421.0
window_position_x=72.0
window_position_y=27.0
window_width=1808.0
