#com.apextalos.cvitfusion.common.settings.ConfigFile
#Fri May 13 10:51:33 EDT 2022
sp112_divider_position=0.4980891719745223
sp11_divider_position=0.4980891719745223
sp1_divider_position=0.579
window_height=1082.0
window_position_x=300.0
window_position_y=255.0
window_width=1572.0
