#com.apextalos.cvitfusion.common.settings.ConfigFile
#Tue May 17 20:24:47 EDT 2022
sp112_divider_position=0.5186368477103301
sp11_divider_position=0.47840531561461797
sp1_divider_position=0.6792452830188679
window_height=1346.0
window_position_x=72.0
window_position_y=0.0
window_width=1808.0
