#com.apextalos.cvitfusion.common.settings.ConfigFile
#Wed May 11 16:02:34 EDT 2022
sp112_divider_position=0.6112920738327905
sp11_divider_position=0.41146496815286626
sp1_divider_position=0.8189655172413793
window_height=1358.0
window_position_x=272.0
window_position_y=58.0
window_width=1572.0
