#com.apextalos.cvitfusion.common.settings.ConfigFile
#Mon May 16 12:04:41 EDT 2022
sp112_divider_position=0.638353765323993
sp11_divider_position=0.36600221483942413
sp1_divider_position=0.9178491411501121
window_height=1421.0
window_position_x=72.0
window_position_y=27.0
window_width=1808.0
