#com.apextalos.cvitfusion.common.settings.ConfigFile
#Wed May 18 21:01:19 EDT 2022
sp112_divider_position=0.5062402496099844
sp11_divider_position=0.4582630691399663
sp1_divider_position=0.6792452830188679
window_height=1346.0
window_position_x=30.0
window_position_y=0.0
window_width=2374.0
