#com.apextalos.cvitfusion.common.settings.ConfigFile
#Wed May 18 18:40:29 EDT 2022
sp112_divider_position=0.607970342910102
sp11_divider_position=0.4008859357696567
sp1_divider_position=0.6792452830188679
window_height=1346.0
window_position_x=30.0
window_position_y=0.0
window_width=1808.0
