#com.apextalos.cvitfusion.common.settings.ConfigFile
#Sun May 22 11:55:58 EDT 2022
sp112_divider_position=0.49928707224334595
sp11_divider_position=0.49940702087286526
window_position_y=27.200000762939453
window_position_x=72.0
sp1_divider_position=0.8214285714285714
window_width=1688.0
window_height=554.4000244140625
