#com.apextalos.cvitfusion.common.settings.ConfigFile
#Wed May 18 19:33:28 EDT 2022
sp112_divider_position=0.5341880341880342
sp11_divider_position=0.11087689713322091
sp1_divider_position=0.8207547169811321
window_height=1346.0
window_position_x=30.0
window_position_y=0.0
window_width=2374.0
