#com.apextalos.cvitfusioncommon.settings.ConfigFile
#Wed May 11 14:24:37 EDT 2022
sp112_divider_position=0.7265193370165746
sp11_divider_position=0.22984441301272984
sp1_divider_position=0.6275021758050479
window_height=1231.0
window_position_x=272.0
window_position_y=60.0
window_width=1416.0
