#com.apextalos.cvitfusion.common.settings.ConfigFile
#Mon May 23 13:17:34 EDT 2022
MQTT_BROKER=tcp\://localhost\:1883
MQTT_CLIENTID=testing
sp112_divider_position=0.4994054696789536
sp11_divider_position=0.49940688018979834
sp1_divider_position=0.6356164383561644
window_height=1177.0
window_position_x=72.0
window_position_y=27.0
window_width=1688.0
