#com.apextalos.cvitfusion.common.settings.ConfigFile
#Thu May 12 15:13:52 EDT 2022
sp112_divider_position=0.6147465437788019
sp11_divider_position=0.3070063694267516
sp1_divider_position=0.6802507836990596
window_height=1358.0
window_position_x=144.0
window_position_y=90.0
window_width=1572.0
