#com.apextalos.cvitfusion.common.settings.ConfigFile
#Sun May 15 20:58:36 EDT 2022
sp112_divider_position=0.45414012738853504
sp11_divider_position=0.38506645817044566
sp1_divider_position=0.8878990348923533
window_height=1421.0
window_position_x=0.0
window_position_y=0.0
window_width=2560.0
