#com.apextalos.cvitfusion.common.settings.ConfigFile
#Mon May 23 13:58:23 EDT 2022
MQTT_BROKER=tcp\://localhost\:1883
MQTT_CLIENTID=testing
sp112_divider_position=0.49940688018979834
sp11_divider_position=0.498220640569395
sp1_divider_position=0.6356164383561644
window_height=1177.0
window_position_x=162.0
window_position_y=85.0
window_width=1688.0
