#com.apextalos.cvitfusion.common.settings.ConfigFile
#Thu May 12 18:19:10 EDT 2022
sp112_divider_position=0.5365005793742758
sp11_divider_position=0.4484076433121019
sp1_divider_position=0.677570093457944
window_height=1358.0
window_position_x=857.0
window_position_y=53.0
window_width=1572.0
