#com.apextalos.cvitfusion.common.settings.ConfigFile
#Mon May 23 15:14:18 EDT 2022
sp112_divider_position=0.5
sp11_divider_position=0.49827942188575364
sp1_divider_position=0.6050328227571116
