#com.apextalos.cvitfusion.common.settings.ConfigFile
#Thu May 12 20:45:59 EDT 2022
sp112_divider_position=0.5129151291512916
sp11_divider_position=0.4802547770700637
sp1_divider_position=0.8216510903426791
window_height=1358.0
window_position_x=857.0
window_position_y=53.0
window_width=1572.0
