#com.apextalos.cvitfusion.common.settings.ConfigFile
#Wed May 11 20:02:28 EDT 2022
sp112_divider_position=0.5827664399092971
sp11_divider_position=0.43630573248407645
sp1_divider_position=0.67601246105919
window_height=1358.0
window_position_x=272.0
window_position_y=58.0
window_width=1572.0
