#com.apextalos.cvitfusioncommon.settings.ConfigFile
#Wed May 11 15:04:39 EDT 2022
sp112_divider_position=0.8185584092792046
sp11_divider_position=0.22929936305732485
sp1_divider_position=0.664576802507837
window_height=1358.0
window_position_x=272.0
window_position_y=58.0
window_width=1572.0
