#com.apextalos.cvitfusion.common.settings.ConfigFile
#Mon May 16 12:38:09 EDT 2022
sp112_divider_position=0.6559139784946236
sp11_divider_position=0.27740863787375414
sp1_divider_position=0.8334578043315908
window_height=1421.0
window_position_x=72.0
window_position_y=27.0
window_width=1808.0
