#com.apextalos.cvitfusion.common.settings.ConfigFile
#Sun May 15 18:00:26 EDT 2022
sp112_divider_position=0.7513899920571883
sp11_divider_position=0.3740079365079365
sp1_divider_position=0.7023809523809523
window_height=1082.0
window_position_x=238.0
window_position_y=294.0
window_width=2018.0
