#com.apextalos.cvitfusion.common.settings.ConfigFile
#Sun May 15 20:15:38 EDT 2022
sp112_divider_position=0.727540500736377
sp11_divider_position=0.24972436604189635
sp1_divider_position=0.6408730158730159
window_height=1082.0
window_position_x=238.0
window_position_y=294.0
window_width=1816.0
