#com.apextalos.cvitfusion.common.settings.ConfigFile
#Thu May 19 16:18:39 EDT 2022
sp112_divider_position=0.5017381228273464
sp11_divider_position=0.4863582443653618
sp1_divider_position=0.8213783403656821
window_height=554.0
window_position_x=0.0
window_position_y=0.0
window_width=1688.0
