#com.apextalos.cvitfusion.common.settings.ConfigFile
#Thu May 12 19:51:40 EDT 2022
sp112_divider_position=0.5267538644470868
sp11_divider_position=0.4624203821656051
sp1_divider_position=0.8216510903426791
window_height=1358.0
window_position_x=857.0
window_position_y=53.0
window_width=1572.0
