#com.apextalos.cvitfusion.common.settings.ConfigFile
#Tue May 17 21:18:24 EDT 2022
sp112_divider_position=0.6579612468407751
sp11_divider_position=0.34108527131782945
sp1_divider_position=0.8207547169811321
window_height=1346.0
window_position_x=30.0
window_position_y=0.0
window_width=1808.0
