#com.apextalos.cvitfusion.common.settings.ConfigFile
#Sun May 15 15:59:03 EDT 2022
sp112_divider_position=0.731142643764003
sp11_divider_position=0.3343253968253968
sp1_divider_position=0.5783730158730159
window_height=1082.0
window_position_x=238.0
window_position_y=294.0
window_width=2018.0
