#com.apextalos.cvitfusion.common.settings.ConfigFile
#Mon May 23 19:26:55 EDT 2022
connections_height=549.5999755859375
connections_position_x=316.79998779296875
connections_position_y=195.1999969482422
connections_width=712.0
main_height=966.4000244140625
main_maximized=false
main_position_x=20.0
main_position_y=170.39999389648438
main_width=1364.800048828125
sp112_divider_position=0.5011750881316099
sp11_divider_position=0.4986803519061584
sp1_divider_position=0.7210762331838565
