#com.apextalos.cvitfusion.common.settings.ConfigFile
#Thu May 12 12:44:22 EDT 2022
sp112_divider_position=0.5443645083932853
sp11_divider_position=0.46687898089171975
sp1_divider_position=0.6794670846394985
window_height=1358.0
window_position_x=272.0
window_position_y=58.0
window_width=1572.0
