#com.apextalos.cvitfusioncommon.settings.ConfigFile
#Wed May 11 15:38:33 EDT 2022
sp112_divider_position=0.6482051282051282
sp11_divider_position=0.37707006369426754
sp1_divider_position=0.6700626959247649
window_height=1358.0
window_position_x=272.0
window_position_y=58.0
window_width=1572.0
