#com.apextalos.cvitfusion.common.settings.ConfigFile
#Wed May 18 21:05:44 EDT 2022
sp112_divider_position=0.5032520325203252
sp11_divider_position=0.48018549747048905
sp1_divider_position=0.8207547169811321
window_height=1346.0
window_position_x=30.0
window_position_y=0.0
window_width=2374.0
