#com.apextalos.cvitfusion.common.settings.ConfigFile
#Tue May 17 19:14:31 EDT 2022
sp112_divider_position=0.5733207190160833
sp11_divider_position=0.4130675526024363
sp1_divider_position=0.824685534591195
window_height=1346.0
window_position_x=72.0
window_position_y=0.0
window_width=1808.0
